[0.0]
[0.0, 0.0]
[0.0, 0.06666666666666667, 0.06666666666666667]
[0.0, 0.0175, 0.0525, 0.5375]
[0.006, 0.016, 0.022, 0.186, 0.728]
[0.0016666666666666668, 0.015, 0.028333333333333332, 0.06666666666666667, 0.38666666666666666, 0.8283333333333334]
[0.002857142857142857, 0.015714285714285715, 0.02857142857142857, 0.06142857142857143, 0.2057142857142857, 0.5671428571428572, 0.9071428571428571]
[0.0025, 0.005, 0.03625, 0.04875, 0.0875, 0.3225, 0.71875, 0.94]
[0.0033333333333333335, 0.015555555555555555, 0.03888888888888889, 0.057777777777777775, 0.057777777777777775, 0.20555555555555555, 0.52, 0.7677777777777778, 0.9388888888888889]
[0.0, 0.0, 0.006666666666666667, 0.005, 0.004, 0.016666666666666666, 0.005714285714285714, 0.0175, 0.02, 0.018]
[0.0, 0.0, 0.0, 0.0, 0.004, 0.0, 0.0, 0.01, 0.015555555555555555, 0.02, 0.02]
